-4.010358906149007474e+00
-5.108971194817117478e+00
-5.802118375377062875e+00
-5.802118375377062875e+00
-4.703506086708952871e+00
-5.108971194817117478e+00
-5.802118375377062875e+00
-5.802118375377062875e+00
-5.802118375377062875e+00
-5.108971194817117478e+00
-5.108971194817117478e+00
-5.108971194817117478e+00
-5.108971194817117478e+00
-5.802118375377062875e+00
-4.703506086708952871e+00
-5.802118375377062875e+00
-5.802118375377062875e+00
-5.108971194817117478e+00
-5.802118375377062875e+00
-5.108971194817117478e+00
-5.108971194817117478e+00
-5.802118375377062875e+00
-4.703506086708952871e+00
-5.108971194817117478e+00
-4.703506086708952871e+00
-5.802118375377062875e+00
-5.802118375377062875e+00
-5.108971194817117478e+00
-5.108971194817117478e+00
-5.108971194817117478e+00
-5.802118375377062875e+00
-5.802118375377062875e+00
-5.802118375377062875e+00
-5.802118375377062875e+00
-5.802118375377062875e+00
-5.108971194817117478e+00
-5.802118375377062875e+00
-5.108971194817117478e+00
-4.703506086708952871e+00
-5.108971194817117478e+00
-5.802118375377062875e+00
-5.802118375377062875e+00
-5.108971194817117478e+00
-4.010358906149007474e+00
-5.108971194817117478e+00
-5.802118375377062875e+00
-5.108971194817117478e+00
-5.802118375377062875e+00
-5.108971194817117478e+00
-4.703506086708952871e+00
-5.108971194817117478e+00
-5.802118375377062875e+00
-5.802118375377062875e+00
-5.108971194817117478e+00
-5.802118375377062875e+00
-5.802118375377062875e+00
-5.802118375377062875e+00
-4.703506086708952871e+00
-5.108971194817117478e+00
-4.415824014257172081e+00
-5.802118375377062875e+00
-4.703506086708952871e+00
-5.108971194817117478e+00
-4.415824014257172081e+00
-5.802118375377062875e+00
-5.802118375377062875e+00
-4.010358906149007474e+00
-5.108971194817117478e+00
-4.703506086708952871e+00
-5.802118375377062875e+00
-5.802118375377062875e+00
-5.802118375377062875e+00
-5.108971194817117478e+00
-4.415824014257172081e+00
-4.415824014257172081e+00
-4.192680462942962372e+00
-5.802118375377062875e+00
-5.108971194817117478e+00
-5.108971194817117478e+00
-5.108971194817117478e+00
-5.108971194817117478e+00
-5.108971194817117478e+00
-5.802118375377062875e+00
-5.108971194817117478e+00
-5.802118375377062875e+00
-5.802118375377062875e+00
-5.108971194817117478e+00
-5.108971194817117478e+00
-5.108971194817117478e+00
-4.703506086708952871e+00
-4.703506086708952871e+00
-4.703506086708952871e+00
-5.802118375377062875e+00
-5.802118375377062875e+00
-5.802118375377062875e+00
-5.802118375377062875e+00
-5.802118375377062875e+00
-5.802118375377062875e+00
-4.703506086708952871e+00
-4.415824014257172081e+00
-5.802118375377062875e+00
-4.415824014257172081e+00
-5.108971194817117478e+00
-4.703506086708952871e+00
-5.802118375377062875e+00
-5.108971194817117478e+00
-4.703506086708952871e+00
-5.802118375377062875e+00
-5.802118375377062875e+00
-4.703506086708952871e+00
-4.703506086708952871e+00
-5.108971194817117478e+00
-5.108971194817117478e+00
-5.802118375377062875e+00
-5.108971194817117478e+00
-5.108971194817117478e+00
-5.802118375377062875e+00
-5.108971194817117478e+00
-5.108971194817117478e+00
-5.108971194817117478e+00
-5.802118375377062875e+00
-5.802118375377062875e+00
-5.108971194817117478e+00
-5.108971194817117478e+00
-5.108971194817117478e+00
-4.192680462942962372e+00
-5.802118375377062875e+00
-5.802118375377062875e+00
-5.108971194817117478e+00
-5.108971194817117478e+00
-5.802118375377062875e+00
-5.802118375377062875e+00
-4.703506086708952871e+00
-5.108971194817117478e+00
-4.703506086708952871e+00
-4.703506086708952871e+00
-5.802118375377062875e+00
-4.703506086708952871e+00
-5.802118375377062875e+00
-4.703506086708952871e+00
-5.802118375377062875e+00
-5.802118375377062875e+00
-5.108971194817117478e+00
-4.703506086708952871e+00
-4.415824014257172081e+00
-5.108971194817117478e+00
-5.802118375377062875e+00
-5.108971194817117478e+00
-3.856208226321749422e+00
-5.802118375377062875e+00
-5.108971194817117478e+00
-4.415824014257172081e+00
-5.802118375377062875e+00
-4.192680462942962372e+00
-5.108971194817117478e+00
-5.802118375377062875e+00
-5.802118375377062875e+00
-5.802118375377062875e+00
-5.802118375377062875e+00
-5.802118375377062875e+00
-5.802118375377062875e+00
-5.802118375377062875e+00
-5.108971194817117478e+00
-5.802118375377062875e+00
-5.802118375377062875e+00
-5.802118375377062875e+00
-5.108971194817117478e+00
-4.703506086708952871e+00
-4.192680462942962372e+00
-5.802118375377062875e+00
-3.317211725589062521e+00
-5.802118375377062875e+00
-5.802118375377062875e+00
-4.010358906149007474e+00
-4.703506086708952871e+00
-5.802118375377062875e+00
-5.108971194817117478e+00
-4.415824014257172081e+00
-5.108971194817117478e+00
-4.703506086708952871e+00
-5.108971194817117478e+00
-5.802118375377062875e+00
-5.802118375377062875e+00
-5.108971194817117478e+00
-5.802118375377062875e+00
-4.703506086708952871e+00
-5.802118375377062875e+00
-5.802118375377062875e+00
-5.108971194817117478e+00
-5.108971194817117478e+00
-5.108971194817117478e+00
-5.802118375377062875e+00
-5.108971194817117478e+00
-5.802118375377062875e+00
-5.108971194817117478e+00
-5.802118375377062875e+00
-5.802118375377062875e+00
-5.802118375377062875e+00
-4.703506086708952871e+00
-5.802118375377062875e+00
-4.192680462942962372e+00
-5.802118375377062875e+00
-4.703506086708952871e+00
-5.108971194817117478e+00
-5.802118375377062875e+00
-2.711075922018746809e+00
-5.108971194817117478e+00
-5.802118375377062875e+00
-4.703506086708952871e+00
-5.802118375377062875e+00
-5.108971194817117478e+00
-4.703506086708952871e+00
-5.108971194817117478e+00
-5.802118375377062875e+00
-5.802118375377062875e+00
-5.802118375377062875e+00
-4.010358906149007474e+00
-5.802118375377062875e+00
-5.802118375377062875e+00
-4.415824014257172081e+00
-5.108971194817117478e+00
-5.802118375377062875e+00
-5.108971194817117478e+00
-5.108971194817117478e+00
-5.108971194817117478e+00
-5.108971194817117478e+00
-5.802118375377062875e+00
-5.802118375377062875e+00
-5.108971194817117478e+00
-5.802118375377062875e+00
-5.802118375377062875e+00
-5.802118375377062875e+00
-5.802118375377062875e+00
-5.108971194817117478e+00
-4.415824014257172081e+00
-5.108971194817117478e+00
-5.802118375377062875e+00
-5.802118375377062875e+00
-5.802118375377062875e+00
-5.108971194817117478e+00
-5.108971194817117478e+00
-5.108971194817117478e+00
-5.802118375377062875e+00
-5.802118375377062875e+00
-4.703506086708952871e+00
-5.802118375377062875e+00
-5.802118375377062875e+00
-5.802118375377062875e+00
-4.415824014257172081e+00
-5.108971194817117478e+00
-5.108971194817117478e+00
-5.108971194817117478e+00
-5.802118375377062875e+00
-4.703506086708952871e+00
-5.108971194817117478e+00
-5.108971194817117478e+00
-5.108971194817117478e+00
-5.108971194817117478e+00
-5.802118375377062875e+00
-5.108971194817117478e+00
-4.415824014257172081e+00
-5.802118375377062875e+00
-5.802118375377062875e+00
-5.802118375377062875e+00
-5.108971194817117478e+00
-4.703506086708952871e+00
-5.108971194817117478e+00
-3.317211725589062521e+00
-5.802118375377062875e+00
-3.722676833697227128e+00
-4.415824014257172081e+00
-5.802118375377062875e+00
-5.802118375377062875e+00
-5.108971194817117478e+00
-5.108971194817117478e+00
-4.703506086708952871e+00
-5.802118375377062875e+00
-5.108971194817117478e+00
-5.108971194817117478e+00
-5.802118375377062875e+00
-5.802118375377062875e+00
-5.802118375377062875e+00
-4.415824014257172081e+00
-5.802118375377062875e+00
-5.802118375377062875e+00
-5.108971194817117478e+00
-5.108971194817117478e+00
-5.802118375377062875e+00
-5.108971194817117478e+00
-4.415824014257172081e+00
-5.802118375377062875e+00
-5.802118375377062875e+00
-5.802118375377062875e+00
-5.802118375377062875e+00
-5.108971194817117478e+00
-5.802118375377062875e+00
-4.703506086708952871e+00
-5.802118375377062875e+00
-5.802118375377062875e+00
-5.108971194817117478e+00
-5.802118375377062875e+00
-5.802118375377062875e+00
-5.108971194817117478e+00
-5.802118375377062875e+00
-5.802118375377062875e+00
-3.722676833697227128e+00
-5.802118375377062875e+00
